410904866
1 184550657 -61282
4 184550913 -62305
6 184550913 -60911
16 184550913 -61188
24 184550913 -62058
25 184550657 -61129
30 184550657 -61518
31 184550657 -62137
32 184550657 -123330
36 184550913 -61795
43 184550913 -61880
47 184550657 -62119
51 184550657 -61457
52 184550913 -61710
62 184550913 -62226
66 184550913 -61880
69 184550657 -61683
80 184550913 -75758
84 184550913 -61795
85 184550913 -60686
86 184550913 -62079
89 184550657 -104854
97 184550657 -62220
108 184550657 -62475
109 184550657 -61880
112 184550657 -62321
124 184550657 -61710
127 184550913 -61965
132 184550913 -62475
138 184550657 -61934
142 184550913 -60526
157 184550913 -61965
182 184550657 -61002
183 184550913 -61965
191 184550657 -61880
195 184550657 -61625
198 184550913 -61966
201 184550913 -61549
207 184550913 -61661
210 184550657 -62182
214 184550913 -61362
219 184550657 -62248
227 184550657 -61306
232 184550913 -61832
241 184550657 -61880
245 184550913 -61479
250 184550913 -61370
257 184550913 -123245
258 184550913 -61828
259 184550657 -61173
266 184550657 -62050
271 184550657 -62135
273 184550913 -61874
281 184550913 -62220
292 184550913 -62623
301 184550657 -60848
303 184550657 -62220
307 184550657 -61401
309 184550913 -61764
314 184550657 -61965
317 184550913 -61282
321 184550913 -62305
327 184550657 -61623
330 184550657 -61455
336 184550657 -62305
340 184550913 -61540
343 184550913 -61540
344 184550657 -62730
348 184550913 -62321
349 184550657 -61785
353 184550913 -62220
361 184550913 -59941
375 184550657 -61126
378 184550657 -61880
381 184550657 -61285
393 184550913 -123245
395 184550913 -61295
406 184550657 -61675
407 184550657 -61320
409 184550913 -62227
417 184550657 -61084
423 184550657 -61370
427 184550913 -61285
436 184550913 -62050
441 184550913 -61795
445 184550913 -61880
451 184550913 -61880
455 184550657 -61170
461 184550657 -62305
472 184550913 -61975
474 184550913 -62135
480 184550657 -61210
484 184550913 -62358
489 184550657 -116275
493 184550657 -61547
504 184550657 -61617
508 184550657 -61733
512 184550657 -62220
518 184550913 -61625
519 184550913 -63028
524 184550657 -61625
526 184550657 -62128
534 184550913 -61039
543 184550657 -61643
547 184550913 -62220
548 184550657 -62453
555 184550913 -62305
556 184550913 -62416
557 184550913 -62142
558 184550657 -80320
573 184550657 -61370
592 184550657 -62645
597 184550657 -62043
604 184550657 -61361
606 184550657 -60719
611 184550657 -60945
613 184550657 -62116
623 184550913 -61625
630 184550913 -61625
634 184550913 -62475
646 184550913 -61951
678 184550913 -83049
695 184550657 -61540
698 184550657 -61455
700 184550913 -61795
703 184550913 -122315
704 184550657 -61490
709 184550657 -62135
721 184550913 -62293
730 184550913 -60063
733 184550913 -62220
737 184550657 -62094
746 184550913 -61713
749 184550913 -61679
750 184550913 -62034
767 184550657 -82947
770 184550913 -62135
777 184550657 -62329
778 184550913 -61778
782 184550657 -102760
804 184550913 -62220
805 184550913 -81759
806 184550913 -61784
807 184550657 -62135
820 184550913 -61965
822 184550913 -62475
823 184550657 -61965
824 184550657 -60830
825 184550913 -61467
830 184550913 -61795
837 184550657 -61636
839 184550657 -61795
845 184550657 -61749
855 184550657 -123500
856 184550657 -62273
860 184550913 -61452
862 184550657 -61540
865 184550657 -61424
867 184550657 -122650
868 184550913 -61540
872 184550913 -62135
875 184550657 -62135
879 184550913 -60951
884 184550913 -62390
885 184550657 -61620
886 184550657 -61880
892 184550913 -62390
906 184550657 -62050
909 184550657 -62050
911 184550913 -71735
914 184550657 -61965
919 184550657 -61719
929 184550913 -61867
930 184550657 -61710
935 184550913 -61370
940 184550913 -61549
945 184550657 -61885
947 184550913 -62135
948 184550657 -61965
951 184550913 -123160
955 184550913 -61455
962 184550657 -62475
987 184550913 -62475
988 184550913 -60435
1002 184550913 -61880
1004 184550913 -61343
1005 184550913 -61020
1007 184550657 -62305
1014 184550657 -61566
1019 184550913 -61625
1020 184550913 -60360
1022 184550657 -61965
5 184550657 -61025
57 184550913 -62050
63 184550657 -60940
68 184550657 -61025
77 184550657 -61535
83 184550913 -60515
93 184550913 -60855
114 184550657 -61025
143 184550913 -61450
156 184550913 -60770
167 184550657 -61450
175 184550657 -61450
188 184550657 -61535
196 184550657 -60940
203 184550657 -61450
208 184550913 -61280
212 184550657 -61535
223 184550913 -61025
247 184550657 -59240
298 184550913 -61195
342 184550657 -60600
355 184550913 -61025
374 184550657 -61365
376 184550657 -61110
377 184550913 -61620
394 184550657 -60770
401 184550657 -61450
431 184550913 -60940
442 184550657 -61025
443 184550657 -61025
448 184550913 -61795
471 184550913 -61450
475 184550657 -61365
497 184550657 -61450
500 184550657 -61280
502 184550913 -60600
514 184550913 -61705
549 184550657 -61450
563 184550913 -61025
566 184550657 -61195
568 184550913 -60855
576 184550913 -61960
583 184550913 -61195
598 184550913 -61195
605 184550657 -61110
619 184550913 -60855
621 184550657 -60770
624 184550913 -61195
636 184550913 -62390
639 184550913 -61110
640 184550913 -61282
657 184550657 -61296
672 184550657 -61450
677 184550913 -61535
702 184550657 -60260
707 184550657 -61195
715 184550657 -61705
724 184550913 -61620
726 184550913 -61025
736 184550657 -59410
751 184550913 -60685
759 184550913 -61535
790 184550657 -61365
799 184550657 -61280
812 184550913 -62050
827 184550657 -61025
832 184550913 -60940
843 184550657 -60770
848 184550657 -60770
850 184550657 -61043
866 184550657 -60175
869 184550913 -59325
887 184550657 -61705
901 184550657 -61195
944 184550913 -61025
946 184550913 -61280
950 184550913 -61110
959 184550657 -61875
964 184550657 -62305
967 184550913 -61620
985 184550913 -60791
1000 184550913 -61280
1017 184550657 -61450
708 184549889 824
255 184549889 130
503 184549889 1889
